1	0.25	1	-0.032058013695788
1	0.25	2	-0.032059364912628
1	0.4     1	-0.086502782953717
1	0.4     2	-0.086552586135119
1	0.4     3	-0.086552602239565
1	0.45	1	-0.113117287026123
1	0.45	2	-0.113295309015944
1	0.45	3	-0.113295482423084
1	0.495	1	-0.143888778434967
1	0.495	2	-0.144957387866631
1	0.495	3	-0.144965681246397
1	0.495	4	-0.144965743304526
1	0.5     1	-0.148148148148148
1	0.5     2	-0.149968759762235
1	0.5     3	-0.150045952199670
1	0.5     4	-0.150051948784609
1	0.5     5	-0.150052608726733
