1	0.01	-5977901.145485878922045	-2
1	0.01	0.000077624060717	-2
1	0.01	0.009622792367963	1
1	1	1.644847527026235	-2
1	1	0.751060146631136	1
1	2	1.376258197988232	1
1	3	1.942828381574935	1
1	4	2.469824774495141	1
1	5	2.966965756939339	1
1	6	3.440205751089759	1
1	7	3.893578497668064	1
1	8	4.329999296460625	1
1	9	4.751672816872058	1
1	10	5.160324336431765	1

2	0.01	0.007173573551088	-2
2	0.01	0.013626758489705	-2
2	0.01	0.009622393669693	1
2	1	0.751044789637334	0
2	1	0.753440767698132	2
2	1	3.761666514230652	2
2	1	0.751044468721868	1
2	2	1.376239671780471	1
2	3	1.942809902430745	1
2	4	2.469805590720056	1
2	5	-72.518844819417509	-2
2	5	2.966946414316034	1
2	6	3.440187472230464	0
2	6	3.440188731152369	1
2	7	91.120254118380856	2
2	7	3.893583539828150	0
2	7	3.893613377960071	0
2	7	3.893560724043379	1
2	8	4.329981313112834	1
2	9	4.751656939822778	1
2	10	5.160308275078130	1
