1.000e-02	1	9.622792195125570e-03	1		1
1.000e+00	1	7.510601004025735e-01	1		1
2.000e+00   1	1.376258197986846e+00	1       1
3.000e+00   1	1.942828381547979e+00	1       1
4.000e+00   1	2.469824774153523e+00	1       1
5.000e+00   1	2.966965766341778e+00	1       1
6.000e+00   1	3.440205750808944e+00	1       1
7.000e+00   1	3.893578497668906e+00	1       1
8.000e+00   1	4.329999228034954e+00	1       1
9.000e+00   1	4.751672816682935e+00	1       1
1.000e+01   1	5.160324336723407e+00	1       1

1.000e-02	2	9.622233223019583e-03	1		1
1.000e+00	2	7.510444687261766e-01	1		1
2.000e+00   2	1.376239666395630e+00	1       1
3.000e+00   2	1.942809902385265e+00	1       1
4.000e+00   2	2.469805590177337e+00	1       1
5.000e+00   2	2.966946413854391e+00	1       1
6.000e+00   2	3.440188739034975e+00	1       1
7.000e+00   2	3.893560734064665e+00	1       1
8.000e+00   2	4.329981198563990e+00	1       1
9.000e+00   2	4.751656938279422e+00	1       1
1.000e+01   2	5.160308274838526e+00	1       1
